%YAML:1.0
---
cameraMatrix: !!opencv-matrix
   rows: 3
   cols: 3
   dt: d
   data: [ 7.5519498274437740e+02, 0., 2.7856710837800006e+02, 0.,
       7.6201273821800328e+02, 2.0492306617090907e+02, 0., 0., 1. ]
distortionCoefficients: !!opencv-matrix
   rows: 1
   cols: 5
   dt: d
   data: [ 1.5298060014950154e+00, 1.2092469769885037e+01,
       7.0997808763230280e-02, 4.3865241493935427e-02,
       -1.4680160992424845e+02 ]
rotation: !!opencv-matrix
   rows: 3
   cols: 3
   dt: d
   data: [ 1., 0., 0., 0., 1., 0., 0., 0., 1. ]
projection: !!opencv-matrix
   rows: 4
   cols: 4
   dt: d
   data: [ 7.5519498274437740e+02, 0., 2.7856710837800006e+02, 0., 0.,
       7.6201273821800328e+02, 2.0492306617090907e+02, 0., 0., 0., 1.,
       0., 0., 0., 0., 1. ]
