%YAML:1.0
---
rotation: !!opencv-matrix
   rows: 3
   cols: 3
   dt: d
   data: [ 9.9977008025234282e-01, -1.6893677804783475e-02,
       -1.3205691290205169e-02, 1.4900554131059935e-02,
       9.9022468266221830e-01, -1.3868327704916869e-01,
       1.5419472066558802e-02, 1.3845461890719749e-01,
       9.9024873561365956e-01 ]
translation: !!opencv-matrix
   rows: 3
   cols: 1
   dt: d
   data: [ 2.0060054178517719e-02, 2.1958947744656762e-01,
       -8.8632278885019966e-01 ]
essential: !!opencv-matrix
   rows: 3
   cols: 3
   dt: d
   data: [ 1.6592654506452000e-02, 9.0806187974137642e-01,
       9.4530053514423729e-02, -8.8642832118330372e-01,
       1.2195844469328004e-02, -8.1599381535892423e-03,
       -2.1924008356616592e-01, 2.3573634664412695e-02,
       1.1783679847613554e-04 ]
fundamental: !!opencv-matrix
   rows: 3
   cols: 3
   dt: d
   data: [ 4.8337579333852452e-07, 2.6216899947278839e-05,
       -3.4274128794664735e-03, -2.5783845979738157e-05,
       3.5157081601511675e-07, 6.9312402145320856e-03,
       7.7837963218286479e-03, -2.4699157450894245e-02, 1. ]
