%YAML:1.0
---
cameraMatrix: !!opencv-matrix
   rows: 3
   cols: 3
   dt: d
   data: [ 1.0389470259889742e+03, 0., 9.6133852781555947e+02, 0.,
       1.0405389862136142e+03, 5.7726522264448818e+02, 0., 0., 1. ]
distortionCoefficients: !!opencv-matrix
   rows: 1
   cols: 5
   dt: d
   data: [ 6.5984114084506079e-02, -1.4455347801331761e-01,
       6.6586866987822339e-03, 7.7599669181414432e-04,
       7.2825911134629356e-02 ]
rotation: !!opencv-matrix
   rows: 3
   cols: 3
   dt: d
   data: [ 1., 0., 0., 0., 1., 0., 0., 0., 1. ]
projection: !!opencv-matrix
   rows: 4
   cols: 4
   dt: d
   data: [ 1.0389470259889742e+03, 0., 9.6133852781555947e+02, 0., 0.,
       1.0405389862136142e+03, 5.7726522264448818e+02, 0., 0., 0., 1.,
       0., 0., 0., 0., 1. ]
