%YAML:1.0
---
depthShift: 4.7438020298490491e+00
